1002
986
958
1023
1033
1008
1047
1021
990
957
1007
1021
1032
1043
1011
1013
1044
1009
1045
970
1033
1014
1032
1030
978
1008
1058
1002
1018
1007
995
1046
1021
1034
1005
1039
1006
990
994
1072
985
966
996
992
1016
987
1008
1012
1007
1052
977
1059
957
1013
963
990
1050
1014
1044
1010
897
985
1033
1006
1021
975
977
1010
1053
939
1014
1016
1053
1003
1029
976
1015
1021
956
925
988
1000
961
969
989
992
1031
1006
963
1034
967
1038
963
1049
1008
1048
1036
955
956
994
976
987
987
955
1024
1023
989
961
1029
977
974
1030
998
988
986
1024
974
947
946
938
982
977
1036
1020
984
956
943
978
1017
1009
973
991
985
955
936
991
1041
917
1028
971
1013
985
982
1054
1020
1010
986
926
940
971
907
1029
1031
1001
1045
974
948
1081
997
1003
1053
1023
992
959
991
1004
957
1004
980
998
974
980
1035
958
1000
997
1055
1021
933
1052
987
920
960
1022
1014
1045
1023
1002
1026
995
1000
1024
968
1001
971
992
1042
1024
957
1000
991
1002
1003
982
949
1024
961
983
1028
1033
946
1047
1019
1002
986
1017
996
1032
981
1040
1040
1007
1060
1032
1057
1068
994
988
988
1005
1005
1030
1001
1001
974
1019
1021
964
999
1008
1025
1030
1027
977
957
1011
1014
974
1010
994
1000
1069
1049
1020
1007
994
1005
1022
939
953
1000
1001
1080
1008
1044
1006
1045
984
1062
998
1032
1006
991
1023
1006
1072
1006
969
992
958
1010
1006
982
984
987
1013
1028
1021
986
1010
990
1021
1061
963
1008
985
1011
1016
1009
1027
1046
996
1000
1063
1006
972
1045
1033
1030
987
993
939
1003
1052
967
973
1079
1010
1067
982
1003
1032
1000
958
984
1024
1025
963
1010
988
985
985
967
1001
966
986
1021
1022
934
989
1028
988
996
1019
963
1040
975
1016
986
1035
993
1035
984
992
1018
1002
931
947
989
1007
1020
1019
962
980
983
1029
1012
981
970
1039
1016
970
986
1020
977
989
1015
1035
1006
998
1084
983
976
978
1028
1013
986
974
999
1000
1018
1046
1006
996
997
1035
1014
1004
995
989
1041
1005
961
1000
980
990
986
983
963
1013
998
994
999
1055
998
1003
1050
1017
992
980
957
964
1009
965
980
989
1003
987
1038
1004
1021
1077
1011
1050
977
995
1004
985
1012
995
1003
1030
1037
1035
986
1005
981
946
980
994
968
1057
1052
1042
987
945
1058
1070
961
975
1029
1051
1078
992
1063
968
999
1026
986
961
1029
942
1020
1039
991
1009
1057
985
954
1012
1015
1020
1037
1015
1023
1026
1020
987
1121
1023
1011
1039
947
1028
1022
1041
1030
922
1018
1010
1015
1045
1012
988
950
1024
997
1030
1024
957
962
987
1018
1002
949
1043
960
1010
982
1031
985
1017
1038
1030
1005
990
1017
1029
1031
984
986
1044
1033
950
1000
985
1009
1000
963
1031
1033
984
1008
957
967
918
1026
975
1050
1015
1038
1016
953
1008
1017
1041
995
1002
948
973
968
998
1006
1015
1005
1003
977
987
1042
986
981
986
963
1003
1012
957
1000
1041
1039
1006
1026
979
1016
973
985
959
1012
1052
961
1022
1035
997
977
999
998
1004
1025
1022
1029
1034
1018
973
948
927
998
968
953
1004
959
1025
1028
960
959
992
967
985
1002
968
1023
940
965
988
1008
1027
977
973
971
1057
985
966
974
1004
1058
979
971
1050
1046
1020
1009
973
1009
978
956
998
1042
1031
986
1006
962
979
1000
996
1025
990
1035
970
1011
1044
970
1002
981
1016
1013
975
1013
957
1068
1035
1041
967
1009
1079
1026
978
934
954
1013
984
945
984
981
1020
1048
1032
1026
998
972
1008
986
996
921
1001
994
998
1038
948
982
1004
1009
987
1011
968
1038
1011
999
999
1024
1059
955
988
995
961
1031
1063
976
976
974
988
967
983
991
983
1063
982
987
992
1026
1041
1003
919
1000
963
1041
1018
973
989
994
932
1002
1032
995
1009
975
1024
997
1016
989
1018
953
994
998
993
967
1029
1035
976
1012
991
1046
970
1006
973
959
965
1027
975
1026
1002
1028
941
1001
1008
1006
1000
1005
985
888
952
965
913
929
1003
969
1015
1001
988
1024
986
988
1019
1038
1010
1015
937
970
1040
980
990
1024
1048
1019
981
970
1033
1035
963
1019
1035
993
1017
990
1030
1001
982
1026
1044
1036
943
941
1049
992
994
1009
1003
975
1056
1025
1043
1032
996
976
1010
1070
976
993
997
997
953
992
1003
958
969
1002
997
1036
953
969
1019
986
974
968
948
1054
975
1008
1056
1000
967
1013
1073
965
1051
1008
999
974
979
1000
989
1071
1011
1045
973
1009
986
1065
1065
970
969
1015
1010
963
971
944
1014
1061
1003
1055
959
949
1009
918
993
976
984
1025
1017
989
980
987
1000
956
932
979
1049
1018
1004
1029
974
997
1006
953
975
1017
971
990
957
1012
1007
1067
1006
943
1042
974
977
1022
987
983
1059
1053
982
936
980
968
1017
960
996
967
986
1005
1028
1008
1024
1005
1003
1017
1017
964
977
1049
1006
1011
1036
1001
1027
1073
938
977
991
937
1021
1054
972
986
1001
992
996
939
935
991
991
969
954
996
972
999
1038
1021
1012
995
979
981
929
997
968
994
980
990
1003
1010
988
1016
978
1027
961
971
984
1009
956
970
951